flavin = {
    "18H": [
        [0.5209, -0.4720, -0.0243],
        [-0.4720, -0.9679, -0.0418],
        [-0.0243, -0.0418, -1.3782],
    ],
    "19H": [
        [-4.3911, -0.3925, -0.4521],
        [-0.3925, -5.7988, 0.0498],
        [-0.4521, 0.0498, -6.1604],
    ],
    "20H": [
        [-4.3268, -0.2705, 0.3710],
        [-0.2705, -5.8675, -0.1289],
        [0.3710, -0.1289, -6.2021],
    ],
    "21H": [
        [0.0728, 1.0421, -0.1843],
        [1.0421, 1.7843, -0.3895],
        [-0.1843, -0.3895, -0.2809],
    ],
    "22H": [
        [19.9214, 1.1200, -0.9857],
        [1.1200, 18.4995, -0.4245],
        [-0.9857, -0.4245, 18.2260],
    ],
    "23H": [
        [20.0007, 1.3625, 0.3949],
        [1.3625, 18.6096, 0.1187],
        [0.3949, 0.1187, 17.8380],
    ],
    "24H": [
        [-16.4770, -2.7848, 0.5674],
        [-2.7848, -6.7633, -0.9830],
        [0.5674, -0.9830, -13.7811],
    ],
    "25H": [
        [2.5889, 0.8577, -0.2854],
        [0.8577, 1.9387, -0.3995],
        [-0.2854, -0.3995, -0.2611],
    ],
    "26H": [
        [0.9811, 0.4064, -0.2079],
        [0.4064, -0.8072, -0.1904],
        [-0.2079, -0.1904, -1.8591],
    ],
    "28H": [
        [-0.0453, -1.4718, 0.1771],
        [-1.4718, 1.9332, -0.4102],
        [0.1771, -0.4102, -1.0810],
    ],
    "29H": [
        [11.0967, -0.2094, 0.1457],
        [-0.2094, 13.6881, -1.3887],
        [0.1457, -1.3887, 11.0530],
    ],
    "30H": [
        [10.9854, -0.1545, -0.1258],
        [-0.1545, 14.1770, 0.3723],
        [-0.1258, 0.3723, 10.4282],
    ],
    "2N": [
        [-0.5879, -0.0594, 0.0982],
        [-0.0594, -0.6777, 0.3033],
        [0.0982, 0.3033, 1.1584],
    ],
    "4N": [
        [-0.5123, 0.1346, 0.8031],
        [0.1346, 0.1019, 2.4886],
        [0.8031, 2.4886, 15.4123],
    ],
    "11N": [
        [-1.9112, 0.4400, 2.4386],
        [0.4400, -1.0235, 7.6067],
        [2.4386, 7.6067, 46.1610],
    ],
    "15N": [
        [-0.9003, 0.0506, -0.0119],
        [0.0506, -1.1725, 0.0271],
        [-0.0119, 0.0271, -0.9989],
    ],
}
