TRP = {
    "9H": [
        [-21.9618, 3.6189, -1.5690],
        [3.6189, -0.2647, 2.9451],
        [-1.5690, 2.9451, -16.0551],
    ],
    "16H": [
        [2.2771, 0.1212, 1.1910],
        [0.1212, -0.3761, 0.1529],
        [1.1910, 0.1529, -0.8387],
    ],
    "17H": [
        [-2.4246, -1.9631, 1.9348],
        [-1.9631, -11.7240, -0.9600],
        [1.9348, -0.9600, -8.2138],
    ],
    "18H": [
        [-10.6508, -0.5972, -0.6492],
        [-0.5972, -1.5983, 0.6188],
        [-0.6492, 0.6188, -9.0305],
    ],
    "19H": [
        [-16.3160, -1.4275, -1.4627],
        [-1.4275, -4.0498, 0.0858],
        [-1.4627, 0.0858, -13.3765],
    ],
    "20H": [
        [-4.8473, 5.3376, 3.1035],
        [5.3376, -14.4378, 1.7508],
        [3.1035, 1.7508, -12.0899],
    ],
    "21H": [
        [3.0524, -1.9566, 1.8602],
        [-1.9566, 2.7109, 0.1471],
        [1.8602, 0.1471, 1.7213],
    ],
    "22H": [
        [23.1788, 0.3090, -0.8007],
        [0.3090, 26.6445, -0.8785],
        [-0.8007, -0.8785, 22.3239],
    ],
    "23H": [
        [13.6939, -1.3736, 1.5690],
        [-1.3736, 10.9547, 1.3430],
        [1.5690, 1.3430, 10.2934],
    ],
    "24H": [
        [-0.6053, -0.4636, -0.2837],
        [-0.4636, -1.2824, 0.1501],
        [-0.2837, 0.1501, 1.3432],
    ],
    "25H": [
        [7.5980, -0.2038, 3.3059],
        [-0.2038, -9.1435, 2.7532],
        [3.3059, 2.7532, -5.3791],
    ],
    "26H": [
        [-4.0559, 6.0961, -5.3190],
        [6.0961, 1.6995, -3.7240],
        [-5.3190, -3.7240, 1.0431],
    ],
    "8N": [
        [0.0627, 0.7309, -6.8658],
        [0.7309, -1.6118, -2.5197],
        [-6.8658, -2.5197, 18.3886],
    ],
    "15N": [
        [11.1784, -0.1611, -0.2507],
        [-0.1611, 15.6333, 8.4647],
        [-0.2507, 8.4647, 26.9840],
    ],
}
