{
  "data": {
    "Hbeta1": {
      "hfc": [
        [
          1.5808,
          -0.0453,
          -0.0506
        ],
        [
          -0.0453,
          1.5575,
          0.0988
        ],
        [
          -0.0506,
          0.0988,
          1.6752
        ]
      ],
      "element": "1H"
    },
    "N1": {
      "hfc": [
        [
          -0.0336,
          0.0924,
          -0.1354
        ],
        [
          0.0924,
          0.3303,
          -0.5318
        ],
        [
          -0.1354,
          -0.5318,
          0.668
        ]
      ],
      "element": "14N"
    },
    "N*": {
      "hfc": [
        [
          0.1295,
          -0.0134,
          0.0075
        ],
        [
          -0.0134,
          0.1729,
          -0.0249
        ],
        [
          0.0075,
          -0.0249,
          0.1371
        ]
      ],
      "element": "14N"
    },
    "Hbeta2": {
      "hfc": [
        [
          0.1634,
          -0.023,
          -0.0064
        ],
        [
          -0.023,
          -0.0082,
          0.0158
        ],
        [
          -0.0064,
          0.0158,
          -0.0182
        ]
      ],
      "element": "1H"
    },
    "H6": {
      "hfc": [
        [
          -0.0506,
          0.0622,
          0.0889
        ],
        [
          0.0622,
          -0.31,
          -0.0297
        ],
        [
          0.0889,
          -0.0297,
          0.2642
        ]
      ],
      "element": "1H"
    },
    "H5": {
      "hfc": [
        [
          0.0051,
          0.0616,
          0.0694
        ],
        [
          0.0616,
          -0.0665,
          0.0391
        ],
        [
          0.0694,
          0.0391,
          -0.0586
        ]
      ],
      "element": "1H"
    },
    "Halpha": {
      "hfc": [
        [
          -0.0601,
          0.0037,
          0.0331
        ],
        [
          0.0037,
          -0.0251,
          0.0111
        ],
        [
          0.0331,
          0.0111,
          -0.194
        ]
      ],
      "element": "1H"
    },
    "H2": {
      "hfc": [
        [
          -0.2843,
          0.1757,
          0.1525
        ],
        [
          0.1757,
          -0.2798,
          0.0975
        ],
        [
          0.1525,
          0.0975,
          -0.2699
        ]
      ],
      "element": "1H"
    },
    "H7": {
      "hfc": [
        [
          -0.4355,
          -0.1541,
          -0.1239
        ],
        [
          -0.1541,
          -0.2777,
          0.0864
        ],
        [
          -0.1239,
          0.0864,
          -0.377
        ]
      ],
      "element": "1H"
    },
    "H4": {
      "hfc": [
        [
          -0.5596,
          -0.1956,
          -0.1657
        ],
        [
          -0.1956,
          -0.402,
          0.0762
        ],
        [
          -0.1657,
          0.0762,
          -0.5021
        ]
      ],
      "element": "1H"
    },
    "H1": {
      "hfc": [
        [
          -0.992,
          -0.2091,
          -0.2003
        ],
        [
          -0.2091,
          -0.2631,
          0.2803
        ],
        [
          -0.2003,
          0.2803,
          -0.5398
        ]
      ],
      "element": "1H"
    }
  },
  "info": {
    "units": "mT",
    "name": "Tryptophan radical cation"
  }
}