{
  "data": {
    "H18": {
      "hfc": [
        [
          27.4824,
          0.3121,
          -1.0139
        ],
        [
          0.3121,
          22.1486,
          -0.1904
        ],
        [
          -1.0139,
          -0.1904,
          22.1965
        ]
      ],
      "element": "1H"
    },
    "H13": {
      "hfc": [
        [
          10.7836,
          0.5288,
          1.151
        ],
        [
          0.5288,
          5.1058,
          -0.85
        ],
        [
          1.151,
          -0.85,
          5.4692
        ]
      ],
      "element": "1H"
    },
    "H16": {
      "hfc": [
        [
          6.375,
          1.2726,
          -0.8308
        ],
        [
          1.2726,
          6.4042,
          -3.0991
        ],
        [
          -0.8308,
          -3.0991,
          7.5142
        ]
      ],
      "element": "1H"
    },
    "H17": {
      "hfc": [
        [
          5.3121,
          1.3595,
          -2.0619
        ],
        [
          1.3595,
          4.9425,
          -1.756
        ],
        [
          -2.0619,
          -1.756,
          5.7954
        ]
      ],
      "element": "1H"
    },
    "H22": {
      "hfc": [
        [
          0.804,
          0.3716,
          0.4244
        ],
        [
          0.3716,
          -0.3338,
          -0.0257
        ],
        [
          0.4244,
          -0.0257,
          -0.6858
        ]
      ],
      "element": "1H"
    },
    "H20": {
      "hfc": [
        [
          -0.0394,
          0.4838,
          0.0835
        ],
        [
          0.4838,
          0.3155,
          0.1134
        ],
        [
          0.0835,
          0.1134,
          -0.5715
        ]
      ],
      "element": "1H"
    },
    "N11": {
      "hfc": [
        [
          -0.0064,
          0.3721,
          0.0865
        ],
        [
          0.3721,
          -0.08,
          0.0572
        ],
        [
          0.0865,
          0.0572,
          -0.3802
        ]
      ],
      "element": "14N"
    },
    "H21": {
      "hfc": [
        [
          0.1937,
          0.7392,
          -0.4067
        ],
        [
          0.7392,
          -0.5235,
          -0.0454
        ],
        [
          -0.4067,
          -0.0454,
          -0.4935
        ]
      ],
      "element": "1H"
    },
    "H19": {
      "hfc": [
        [
          -1.4018,
          1.6951,
          0.8856
        ],
        [
          1.6951,
          -2.3405,
          1.5469
        ],
        [
          0.8856,
          1.5469,
          -0.5343
        ]
      ],
      "element": "1H"
    },
    "H14": {
      "hfc": [
        [
          -14.4909,
          -5.1079,
          8.4065
        ],
        [
          -5.1079,
          -23.0631,
          0.5665
        ],
        [
          8.4065,
          0.5665,
          -20.0654
        ]
      ],
      "element": "1H"
    },
    "H15": {
      "hfc": [
        [
          -28.2407,
          -2.7654,
          1.7696
        ],
        [
          -2.7654,
          -17.0634,
          -6.6111
        ],
        [
          1.7696,
          -6.6111,
          -12.8763
        ]
      ],
      "element": "1H"
    }
  },
  "info": {
    "units": "mT",
    "name": "Tyrosine neutral radical"
  }
}